#--------------------------------------------------
# Merge rules for ICD-9-CM codes from 680 to 709
# 
# Courtesy of Dr. Li-Fang Wang from National Taiwan University Hospital
#-------------------------------------------------- 
680.0 680.1 680.2 680.3 680.4 680.5 680.6 680.7 680.8 680.9
681.00 681.01 681.10 681.9 682.0 682.1 682.2 682.3 682.4 682.5 682.6 682.7 682.8 682.9
681.02
681.11
683
684
685.0 685.1
686.00 686.09 686.8 686.9
686.01
686.1
690.10 690.18 690.8
690.11 690.12
691.0
691.8
692.0 692.1 692.2 692.3 692.4 692.5 692.6 692.81 692.82 692.83 692.89 692.9
692.70 692.72 692.74 692.79
692.71
692.73
692.75
693.0 693.1 693.8 693.9
694.0 694.2
694.1
694.3
694.4
694.5
694.60 694.61
694.8 694.9
695.0
695.1
695.2
695.3
695.4
695.81
695.89 695.9
696.0
696.1 696.8
696.2
696.3
696.4
696.5
697.0
697.1
697.8 697.9
698.0 698.1 698.8 698.9
698.2
698.3
698.4
700
701.0
701.1
701.2
701.3
701.4
701.5
701.8 701.9
702.0
702.11 702.19
702.8
703.0
703.8 703.9
704.00 704.09
704.01
704.02
704.1
704.2 704.3 704.8 704.9
705.0
705.1 705.89 705.9
705.81
705.82
705.83
706.0
706.1
706.2
706.3 706.8 706.9
707.0
707.10 707.11 707.12 707.13 707.14 707.15 707.19 707.8 707.9
708.0 708.1 708.4 708.8 708.9
708.2
708.3
708.5
709.00 709.09
709.01
709.1
709.2
709.3
709.4
709.8 709.9
